 11501.785 607.01315     0.550    -1.983               7.720                                        
 11502.697      14.0     6.261  -0.96100    -7.320                                   8.030    -4.850
 11505.339 607.01214     0.793    -2.207               7.720                                        
 11506.076 607.01215     0.371    -2.377               7.720                                        
 11506.266 607.01314     0.385    -2.375               7.720                                        
 11507.770 607.01215     0.552    -1.984               7.720                                        
 11508.138 607.01315     0.391    -1.969               7.720                                        
 11508.696 607.01215     0.795    -1.905               7.720                                        
 11511.770      26.0     6.321  -1.18700    -7.130                                   8.100    -3.790
 11512.630 607.01314     0.787    -2.198               7.720                                        
 11513.281 607.01314     0.546    -1.978               7.720                                        
 11514.582 607.01315     0.787    -2.197               7.720                                        
 11515.003 607.01315     0.550    -1.975               7.720                                        
 11518.609      14.0     6.727  -1.21300    -7.000                                   8.560    -3.170
 11519.537 607.01215     0.395    -1.333               7.720                                        
 11520.591 607.01215     0.552    -1.376               7.720                                        
 11522.208      12.0     6.118  -1.81300                                             8.080          
 11522.213      26.0     3.237  -3.46300    -7.780                                   8.010    -6.080
 11526.323 607.01315     0.813    -1.599               7.720                                        
 11529.489 607.01215     0.389    -1.967               7.720                                        
 11530.190 607.01314     0.403    -1.964               7.720                                        
 11531.373 607.01215     0.575    -1.976               7.720                                        
 11531.746 607.01315     0.409    -1.959               7.720                                        
 11536.404 607.01314     0.813    -2.193               7.720                                        
 11536.420 607.01314     0.568    -2.970               7.720                                        
 11537.852 607.01315     0.572    -2.967               7.720                                        
 11538.020 607.01215     0.408    -2.362               7.720                                        
 11538.031 607.01315     0.813    -2.191               7.720                                        
 11544.025 607.01215     0.575    -2.969               7.720                                        
 11544.154 607.01215     0.822    -2.191               7.720                                        
 11545.789 607.01314     0.404    -2.358               7.720                                        
 11547.477 607.01314     0.591    -2.970               7.720                                        
 11547.528 607.01315     0.409    -2.353               7.720                                        
 11547.955 607.01314     0.591    -1.801               7.720                                        
 11548.334 607.01315     0.594    -1.967               7.720                                        
 11549.421 607.01314     0.840    -2.195               7.720                                        
 11553.469 607.01215     0.408    -2.356               7.720                                        
 11555.532 607.01215     0.598    -1.969               7.720                                        
 11555.888 607.01315     0.428    -2.349               7.720                                        
 11557.626 607.01215     0.849    -2.193               7.720                                        
 11559.232 607.01215     0.516    -2.561               7.720                                        
 11560.118 607.01314     0.591    -1.963               7.720                                        
 11560.749 607.01314     0.840    -2.187               7.720                                        
 11561.234 607.01315     0.594    -1.960               7.720                                        
 11561.791 607.01315     0.707    -1.492               7.720                                        
 11562.803 607.01215     0.427    -2.352               7.720                                        
 11565.457 607.01214     0.593    -1.164               7.720                                        
 11566.082 607.01214     0.848    -1.688               7.720                                        
 11568.026 607.01215     0.598    -2.961               7.720                                        
 11568.533 607.01315     0.530    -1.296               7.720                                        
 11570.031 607.01314     0.423    -2.348               7.720                                        
 11571.441 607.01315     0.428    -2.743               7.720                                        
 11571.892 607.01314     0.614    -1.963               7.720                                        
 11572.413 607.01315     0.617    -1.760               7.720                                        
 11572.524      26.0     6.280   0.12200    -6.730                                   8.360    -3.750
 11574.427 607.01314     0.867    -1.889               7.720                                        
 11574.781 607.01214     0.421    -1.492               7.720                                        
 11576.182 607.01215     0.419    -1.451               7.720                                        
 11578.003 607.01214     0.616    -1.364               7.720                                        
 11579.696 607.01314     0.442    -2.344               7.720                                        
 11580.258 607.01215     0.621    -1.961               7.720                                        
 11580.468 607.01214     0.875    -2.190               7.720                                        
 11580.568 607.01315     0.447    -2.340               7.720                                        
 11581.949      26.0     5.946  -1.50500    -7.540                                   8.350    -5.130
 11582.959 607.01215     0.876    -2.188               7.720                                        
 11584.380 607.01314     0.614    -1.955               7.720                                        
 11585.169 607.01315     0.617    -1.953               7.720                                        
 11585.210      26.0     5.653  -1.50100    -7.450                                   8.210    -4.210
 11585.604 607.01214     0.441    -1.648               7.720                                        
 11585.903 607.01215     0.733    -1.436               7.720                                        
 11586.303 607.01314     0.543    -1.253               7.720                                        
 11586.509 607.01214     0.558    -1.365               7.720                                        
 11587.582 607.01314     0.428    -2.386               7.720                                        
 11588.151 607.01215     0.447    -2.342               7.720                                        
 11588.696      28.0     4.236  -1.53400    -7.259                                   8.206    -5.590
 11589.921      26.0     6.280  -0.57800    -7.130                                   8.370    -3.800
 11590.311 607.01214     0.616    -1.257               7.720                                        
 11591.467      14.0     6.269  -0.53900    -7.320                                   8.040    -4.850
 11592.599 607.01215     0.621    -2.954               7.720                                        
 11593.589      26.0     2.223  -2.64800    -7.820                                   7.140    -6.220
 11594.068 607.01215     0.876    -2.181               7.720                                        
 11594.548      26.0     4.580  -2.08200    -7.840                                   7.290    -6.080
 11594.838 607.01314     0.442    -2.338               7.720                                        
 11595.907 607.01315     0.447    -2.334               7.720                                        
 11596.869 607.01314     0.637    -2.955               7.720                                        
 11597.038 607.01315     0.640    -2.952               7.720                                        
 11603.147 607.01215     0.447    -2.337               7.720                                        
 11605.289 607.01314     0.462    -2.335               7.720                                        
 11605.555 607.01215     0.644    -2.954               7.720                                        
 11605.791 607.01315     0.467    -3.330               7.720                                        
 11607.574      26.0     2.198  -2.60900    -7.820                                   7.150    -6.220
 11608.883 607.01215     0.904    -2.182               7.720                                        
 11609.213 607.01314     0.637    -1.948               7.720                                        
 11609.653 607.01315     0.640    -2.345               7.720                                        
 11611.012 607.01214     0.441    -0.445               7.720                                        
 11611.060      14.0     6.261   0.50000    -7.320                                   8.040    -3.810
 11611.844 607.01214     0.461    -1.938               7.720                                        
 11614.070 607.01215     0.467    -2.333               7.720                                        
 11615.762 607.01214     0.640    -1.150               7.720                                        
 11617.753 607.01215     0.644    -1.947               7.720                                        
 11617.815 607.01214     0.904    -1.977               7.720                                        
 11619.752 607.01215     0.580    -2.145               7.720                                        
 11619.844 607.01314     0.585    -2.100               7.720                                        
 11619.910 607.01215     0.904    -2.175               7.720                                        
 11620.221 607.01314     0.462    -2.329               7.720                                        
 11620.932 607.01315     0.467    -2.325               7.720                                        
 11621.349 607.01314     0.576    -1.232               7.720                                        
 11622.212 607.01315     0.664    -1.945               7.720                                        
 11622.418 607.01314     0.661    -1.948               7.720                                        
 11626.179 607.01314     0.922    -2.178               7.720                                        
 11628.856 607.01215     0.467    -2.327               7.720                                        
 11631.432 607.01215     0.668    -2.947               7.720                                        
 11631.449 607.01314     0.482    -2.325               7.720                                        
 11631.563 607.01315     0.487    -2.321               7.720                                        
 11634.622 607.01314     0.661    -1.941               7.720                                        
 11634.695 607.01315     0.664    -1.939               7.720                                        
 11635.395 607.01215     0.933    -2.177               7.720                                        
 11637.269 607.01314     0.922    -2.172               7.720                                        
 11637.401 607.01315     0.921    -2.170               7.720                                        
 11638.262      26.0     2.176  -2.61400    -7.820                                   7.160    -6.220
 11640.564 607.01215     0.488    -2.324               7.720                                        
 11641.802      26.0     4.584  -3.08800    -7.840                                   7.290    -5.990
 11643.491 607.01215     0.669    -1.940               7.720                                        
 11644.605 607.01214     0.933    -1.572               7.720                                        
 11646.184 607.01314     0.483    -2.320               7.720                                        
 11646.351 607.01215     0.933    -2.170               7.720                                        
 11646.516 607.01315     0.487    -2.316               7.720                                        
 11647.950 607.01315     0.688    -1.939               7.720                                        
 11648.542 607.01314     0.685    -1.941               7.720                                        
 11652.345 607.01315     0.949    -2.172               7.720                                        
 11653.288 607.01214     0.482    -1.623               7.720                                        
 11655.154 607.01215     0.488    -2.318               7.720                                        
 11657.895 607.01215     0.693    -1.940               7.720                                        
 11657.896 607.01315     0.508    -2.312               7.720                                        
 11658.187 607.01314     0.503    -2.316               7.720                                        
 11660.305 607.01315     0.688    -1.932               7.720                                        
 11660.615 607.01314     0.685    -1.934               7.720                                        
 11662.515 607.01215     0.961    -2.172               7.720                                        
 11662.679      26.0     6.287  -1.42200    -7.130                                   8.090    -4.050
 11667.645 607.01215     0.509    -2.315               7.720                                        
 11668.479 607.01214     0.689    -1.336               7.720                                        
 11669.822 607.01215     0.693    -1.633               7.720                                        
 11672.663 607.01315     0.508    -2.307               7.720                                        
 11672.732 607.01314     0.503    -2.311               7.720                                        
 11673.398 607.01215     0.961    -2.165               7.720                                        
 11674.250 607.01315     0.712    -1.932               7.720                                        
 11675.250 607.01314     0.710    -1.934               7.720                                        
 11677.993      26.0     6.336  -1.95400    -7.130                                   8.220    -3.790
 11679.252 607.01315     0.977    -2.167               7.720                                        
 11682.047 607.01215     0.509    -2.309               7.720                                        
 11683.990 607.01214     0.715    -1.236               7.720                                        
 11684.789 607.01315     0.529    -2.804               7.720                                        
 11684.951 607.01215     0.718    -2.933               7.720                                        
 11685.506 607.01314     0.525    -2.308               7.720                                        
 11686.484 607.01315     0.712    -1.926               7.720                                        
 11687.198 607.01314     0.710    -1.928               7.720                                        
 11690.220      19.0     1.610   0.45000    -7.326                                   7.810    -5.170
 11691.254 607.01314     0.980    -1.562               7.720                                        
 11695.316 607.01215     0.530    -2.306               7.720                                        
 11695.759 607.01214     0.715    -1.129               7.720                                        
 11696.754 607.01215     0.718    -2.926               7.720                                        
 11699.387 607.01315     0.529    -2.299               7.720                                        
 11699.874 607.01314     0.525    -1.902               7.720                                        
 11700.152 607.01215     0.599    -3.861               7.720                                        
 11700.239      14.0     6.269  -0.92600    -7.320                                   8.050    -4.460
 11701.059 607.01215     0.991    -2.961               7.720                                        
 11701.119 607.01315     0.737    -2.926               7.720                                        
 11702.550 607.01314     0.735    -1.928               7.720                                        
 11706.750 607.01315     1.006    -2.162               7.720                                        
 11708.407 607.01214     0.525    -1.805               7.720                                        
 11709.538 607.01215     0.530    -2.301               7.720                                        
 11712.014 607.01214     0.740    -1.229               7.720                                        
 11712.255 607.01315     0.550    -2.296               7.720                                        
 11712.607 607.01215     0.743    -2.926               7.720                                        
 11713.237 607.01315     0.737    -1.919               7.720                                        
 11713.415 607.01314     0.546    -2.299               7.720                                        
 11714.377 607.01314     0.735    -1.922               7.720                                        
 11714.747      32.0     4.643  -0.30000                                                            
 11717.901 607.01214     1.021    -1.564               7.720                                        
 11717.949 607.01315     1.006    -1.556               7.720                                        
 11718.587 607.01215     1.020    -2.162               7.720                                        
 11719.157 607.01314     1.009    -2.157               7.720                                        
 11719.873      20.0     4.681  -1.84900    -7.015                                   8.049    -3.125
 11722.826 607.01214     0.547    -1.602               7.720                                        
 11723.663 607.01214     0.740    -1.523               7.720                                        
 11724.289 607.01215     0.743    -2.920               7.720                                        
 11725.563      26.0     5.699  -1.40100    -7.510                                   8.200    -4.670
 11726.693 607.01315     0.550    -2.291               7.720                                        
 11727.613 607.01314     0.546    -2.294               7.720                                        
 11728.565 607.01315     0.762    -1.919               7.720                                        
 11729.339 607.01215     1.020    -2.156               7.720                                        
 11730.445 607.01314     0.761    -1.922               7.720                                        
 11734.833 607.01315     1.035    -2.158               7.720                                        
 11736.507 607.01315     0.566    -1.666               7.720                                        
 11737.643 607.01215     0.552    -2.292               7.720                                        
 11740.298 607.01315     0.572    -2.288               7.720                                        
 11740.575 607.01315     0.762    -1.113               7.720                                        
 11740.663 607.01214     0.766    -1.923               7.720                                        
 11740.870 607.01215     0.769    -1.920               7.720                                        
 11741.920 607.01314     0.568    -2.291               7.720                                        
 11742.160 607.01314     0.761    -1.915               7.720                                        
 11745.983 607.01315     1.035    -2.152               7.720                                        
 11747.560 607.01215     1.050    -2.157               7.720                                        
 11747.680 607.01314     1.039    -2.153               7.720                                        
 11750.743 607.01315     0.575    -1.338               7.720                                        
 11752.439 607.01215     0.769    -2.914               7.720                                        
 11752.464 607.01215     0.575    -2.589               7.720                                        
 11754.581 607.01315     0.572    -1.983               7.720                                        
 11755.959 607.01314     0.568    -2.286               7.720                                        
 11756.595 607.01315     0.787    -1.913               7.720                                        
 11758.092 607.01214     1.052    -2.153               7.720                                        
 11758.252 607.01215     1.050    -2.151               7.720                                        
 11758.947 607.01314     0.786    -2.915               7.720                                        
 11761.070 607.01314     0.706    -3.172               7.720                                        
 11763.526 607.01315     1.064    -2.153               7.720                                        
 11766.035 607.01214     0.570    -1.688               7.720                                        
 11766.360 607.01215     0.575    -2.284               7.720                                        
 11768.502 607.01315     0.787    -1.907               7.720                                        
 11768.927 607.01315     0.594    -2.280               7.720                                        
 11769.747 607.01215     0.795    -1.514               7.720                                        
 11770.553 607.01314     0.787    -1.909               7.720                                        
 11771.031 607.01314     0.591    -2.283               7.720                                        
 11772.050 607.01215     0.792    -1.852               7.720                                        
 11773.899 607.01314     0.568    -1.543               7.720                                        
 11774.612 607.01315     1.065    -2.147               7.720                                        
 11776.828 607.01314     1.069    -1.548               7.720                                        
 11777.162 607.01215     1.080    -1.553               7.720                                        
 11777.331 607.01214     1.083    -1.554               7.720                                        
 11780.342 607.01315     0.727    -1.200               7.720                                        
 11780.543      22.0     1.443  -2.78000    -7.840                                   6.851    -6.258
 11781.207 607.01215     0.795    -1.308               7.720                                        
 11781.374 607.01214     0.793    -1.310               7.720                                        
 11781.957 607.01215     0.598    -1.681               7.720                                        
 11782.039 607.01214     0.593    -1.685               7.720                                        
 11783.257 607.01314     0.726    -3.165               7.720                                        
 11783.265      26.0     2.831  -2.57400    -7.820                                   6.750    -6.150
 11784.916 607.01314     0.591    -2.278               7.720                                        
 11785.214 607.01315     0.813    -1.907               7.720                                        
 11788.060 607.01314     0.813    -1.909               7.720                                        
 11788.085 607.01214     1.083    -1.548               7.720                                        
 11791.951 607.01215     0.961    -1.580               7.720                                        
 11792.059 607.01215     0.733    -1.550               7.720                                        
 11795.700 607.01215     0.598    -1.476               7.720                                        
 11795.810 607.01214     0.593    -1.880               7.720                                        
 11797.028 607.01315     0.813    -1.902               7.720                                        
 11797.179      22.0     1.430  -2.65900    -7.840                                   6.877    -6.291
 11797.215      26.0     5.815  -2.08800    -7.420                                   8.210    -4.860
 11798.141 607.01315     0.617    -3.272               7.720                                        
 11798.181 607.01215     0.582    -3.539               7.720                                        
 11799.244 607.01215     0.822    -1.908               7.720                                        
 11799.563 607.01314     0.813    -1.903               7.720                                        
 11799.868 607.01214     0.820    -1.110               7.720                                        
 11800.754 607.01314     0.614    -2.275               7.720                                        
 11803.858 607.01315     1.094    -2.143               7.720                                        
 11806.610 607.01314     1.099    -2.144               7.720                                        
 11807.408 607.01215     1.111    -2.148               7.720                                        
 11808.033 607.01214     1.114    -2.150               7.720                                        
 11810.606 607.01215     0.822    -1.902               7.720                                        
 11811.558      12.0     5.932  -2.54000                                                            
 11812.069 607.01215     0.621    -2.274               7.720                                        
 11812.141 607.01315     0.617    -2.268               7.720                                        
 11812.603 607.01214     0.616    -1.577               7.720                                        
 11814.439 607.01315     0.839    -1.902               7.720                                        
 11814.495 607.01314     0.614    -1.870               7.720                                        
 11814.904 607.01314     0.595    -1.858               7.720                                        
 11815.032 607.01315     0.839    -1.471               7.720                                        
 11817.794 607.01314     0.840    -1.903               7.720                                        
 11818.392 607.01314     0.840    -1.283               7.720                                        
 11818.744 607.01214     1.114    -2.144               7.720                                        
 11820.982      12.0     5.933  -2.82000                                                            
 11822.724 607.01315     1.125    -2.144               7.720                                        
 11825.670 607.01215     0.621    -2.269               7.720                                        
 11826.156 607.01315     0.839    -1.296               7.720                                        
 11826.233 607.01214     0.616    -1.772               7.720                                        
 11828.185      12.0     4.346   0.29000    -7.692                                                  
 11829.200 607.01314     0.840    -1.598               7.720                                        
 11829.376 607.01215     0.849    -1.902               7.720                                        
 11830.443 607.01214     0.848    -1.004               7.720                                        
 11831.095 607.01314     0.637    -2.268               7.720                                        
 11833.723 607.01315     1.125    -2.139               7.720                                        
 11837.035 607.01314     1.130    -2.140               7.720                                        
 11838.301 607.01215     1.142    -2.144               7.720                                        
 11838.997      20.1     6.468   0.49400    -7.323                                   8.470    -5.371
 11839.578 607.01214     0.717    -1.738               7.720                                        
 11840.639 607.01215     0.849    -1.896               7.720                                        
 11841.674 607.01214     0.848    -1.299               7.720                                        
 11841.828 607.01315     0.640    -1.860               7.720                                        
 11842.811 607.01215     0.644    -2.266               7.720                                        
 11843.817 607.01214     0.640    -1.569               7.720                                        
 11844.265 607.01315     0.866    -2.896               7.720                                        
 11844.701 607.01314     0.637    -2.263               7.720                                        
 11846.831 607.01314     0.711    -1.624               7.720                                        
 11848.157 607.01314     0.867    -1.898               7.720                                        
 11848.838 607.01215     1.143    -1.839               7.720                                        
 11850.078 607.01214     1.146    -2.140               7.720                                        
 11853.254 607.01315     1.155    -2.140               7.720                                        
 11854.240      26.0     5.683  -1.60500    -7.510                                   8.200    -4.760
 11855.895 607.01315     0.866    -1.890               7.720                                        
 11856.278 607.01215     0.644    -2.261               7.720                                        
 11857.316 607.01214     0.640    -1.565               7.720                                        
 11858.384 607.01315     0.664    -2.258               7.720                                        
 11859.470 607.01314     0.867    -1.892               7.720                                        
 11860.147 607.01215     0.876    -2.896               7.720                                        
 11862.066 607.01314     0.661    -2.260               7.720                                        
 11863.006       6.0     8.640  -0.51000    -6.982                                            -4.780
 11863.920      14.0     5.984  -1.45600    -6.790                                   7.810    -4.510
 11864.206 607.01315     1.155    -1.535               7.720                                        
 11868.110 607.01314     1.161    -2.136               7.720                                        
 11869.854 607.01215     1.174    -2.140               7.720                                        
 11871.317 607.01215     0.876    -1.891               7.720                                        
 11871.460 607.01214     1.178    -1.841               7.720                                        
 11872.128 607.01315     0.664    -2.253               7.720                                        
 11874.193 607.01215     0.668    -1.559               7.720                                        
 11874.704 607.01315     0.893    -1.590               7.720                                        
 11875.542 607.01314     0.661    -1.556               7.720                                        
 11875.690 607.01214     0.665    -1.562               7.720                                        
 11879.156 607.01314     0.894    -1.892               7.720                                        
 11879.583       6.0     8.640  -0.51000    -6.983                                            -4.780
 11882.846      26.0     2.198  -2.06800    -7.820                                   7.160    -6.220
 11884.084      26.0     2.223  -2.68300    -7.820                                   7.150    -6.220
 11886.248 607.01315     0.893    -1.885               7.720                                        
 11887.531 607.01215     0.669    -2.254               7.720                                        
 11889.065 607.01214     0.665    -1.457               7.720                                        
 11889.263 607.01314     1.193    -2.137               7.720                                        
 11889.423 607.01315     0.688    -2.251               7.720                                        
 11890.483      14.0     5.082  -2.72500    -7.560                                   8.630    -5.080
 11890.489      26.0     5.539  -1.01900    -6.850                                   8.200    -4.300
 11891.564 607.01215     0.904    -1.891               7.720                                        
 11892.878      22.0     1.430  -2.10800    -7.840                                   6.902    -6.247
 11893.576 607.01214     0.904    -1.293               7.720                                        
 11893.672 607.01314     0.685    -1.653               7.720                                        
 11899.844 607.01314     1.193    -1.432               7.720                                        
 11900.055      14.0     5.964  -1.97000    -7.380                                   7.620    -4.420
 11902.645 607.01215     0.904    -1.885               7.720                                        
 11903.046 607.01315     0.688    -2.246               7.720                                        
 11905.769 607.01315     0.921    -1.885               7.720                                        
 11906.223 607.01215     0.693    -2.252               7.720                                        
 11907.027 607.01314     0.685    -2.249               7.720                                        
 11908.231 607.01214     0.689    -1.555               7.720                                        
 11910.801 607.01314     0.922    -1.887               7.720                                        
 11912.525 607.01215     1.206    -2.131               7.720                                        
 11916.213 607.01315     1.218    -2.132               7.720                                        
 11917.233 607.01315     0.921    -1.880               7.720                                        
 11919.439 607.01215     0.693    -2.247               7.720                                        
 11921.083 607.01315     0.712    -1.744               7.720                                        
 11921.489 607.01214     0.689    -2.250               7.720                                        
 11921.942 607.01314     0.922    -1.881               7.720                                        
 11922.753 607.01214     0.525    -3.892               7.720                                        
 11923.177 607.01315     0.800    -0.781               7.720                                        
 11923.269 607.01314     0.744    -1.770               7.720                                        
 11923.638 607.01215     0.933    -2.885               7.720                                        
 11925.923 607.01314     0.710    -2.246               7.720                                        
 11926.153 607.01214     0.932    -1.087               7.720                                        
 11927.090 607.01315     1.218    -2.127               7.720                                        
 11934.599 607.01315     0.712    -2.240               7.720                                        
 11934.638 607.01215     0.933    -2.880               7.720                                        
 11934.977 607.01215     1.239    -2.132               7.720                                        
 11937.467 607.01315     0.949    -1.880               7.720                                        
 11937.646 607.01214     1.243    -2.133               7.720                                        
 11938.907 607.01215     0.718    -2.245               7.720                                        
 11939.163 607.01314     0.710    -2.242               7.720                                        
 11941.449 607.01214     0.715    -1.448               7.720                                        
 11943.098 607.01314     0.951    -1.881               7.720                                        
 11945.387 607.01215     1.239    -2.127               7.720                                        
 11948.217 607.01214     1.244    -2.128               7.720                                        
 11948.658 607.01315     1.250    -2.128               7.720                                        
 11948.855 607.01315     0.949    -2.875               7.720                                        
 11949.542      22.0     1.443  -2.06000    -7.840                                   6.877    -6.291
 11949.745      20.1     6.468   0.21000    -7.323                                   8.469    -5.368
 11952.007 607.01215     0.718    -2.240               7.720                                        
 11953.376 607.01315     0.737    -2.237               7.720                                        
 11954.161 607.01314     0.951    -1.076               7.720                                        
 11954.596 607.01214     0.715    -1.543               7.720                                        
 11955.955      20.0     4.131  -1.24100    -7.065                                   8.058    -4.310
 11956.378 607.01215     0.961    -1.880               7.720                                        
 11958.827 607.01314     0.735    -2.240               7.720                                        
 11959.417 607.01214     0.962    -1.182               7.720                                        
 11966.785 607.01315     0.737    -2.233               7.720                                        
 11967.297 607.01215     0.961    -1.875               7.720                                        
 11969.796 607.01315     0.977    -1.875               7.720                                        
 11970.311 607.01214     0.962    -1.077               7.720                                        
 11970.499      26.0     4.607  -2.30800    -7.540                                   8.420    -5.380
 11973.048      26.0     2.176  -2.18300    -7.120                                   7.180    -6.220
 11975.353 607.01214     0.740    -1.541               7.720                                        
 11976.060 607.01314     0.980    -1.876               7.720                                        
 11978.937 607.01215     1.271    -2.123               7.720                                        
 11981.114 607.01315     0.977    -1.870               7.720                                        
 11982.343 607.01214     1.277    -2.124               7.720                                        
 11984.198      14.0     4.930   0.93900    -7.998                                   8.550    -5.220
 11985.248 607.01215     0.743    -2.234               7.720                                        
 11986.300 607.01315     0.762    -2.231               7.720                                        
 11987.048 607.01314     0.980    -1.872               7.720                                        
 11988.396 607.01214     0.740    -1.537               7.720                                        
 11989.795 607.01215     0.991    -1.875               7.720                                        
 11991.568      14.0     4.920   0.30900    -7.600                                   8.540    -5.220
 11992.394 607.01314     0.761    -2.233               7.720                                        
 11993.375 607.01214     0.991    -1.077               7.720                                        
 11999.092 607.01314     1.290    -2.121               7.720                                        
 11999.615 607.01315     0.762    -2.227               7.720                                        
 12000.639 607.01215     0.991    -1.870               7.720                                        
 12002.776 607.01315     1.006    -1.870               7.720                                        
 12002.849 607.01215     1.305    -2.124               7.720                                        
 12004.196 607.01214     0.991    -1.072               7.720                                        
 12005.399      26.0     5.587  -0.81800    -7.040                                   8.280    -4.760
 12005.422 607.01314     0.761    -2.229               7.720                                        
 12005.549      26.0     5.621  -1.52700    -7.480                                   8.240    -4.560
 12006.280 607.01215     0.769    -2.232               7.720                                        
 12009.953 607.01214     0.766    -2.234               7.720                                        
 12010.579      26.0     5.693  -1.56900    -7.510                                   8.200    -4.540
 12014.029 607.01315     1.006    -1.865               7.720                                        
 12017.190 607.01214     1.311    -2.121               7.720                                        
 12019.169 607.01215     0.769    -2.527               7.720                                        
 12019.878 607.01315     0.787    -2.225               7.720                                        
 12020.610 607.01314     1.009    -1.867               7.720                                        
 12022.899 607.01214     0.767    -1.630               7.720                                        
 12023.113 607.01314     1.324    -2.122               7.720                                        
 12023.891 607.01215     1.020    -2.870               7.720                                        
 12026.632 607.01314     0.786    -2.227               7.720                                        
 12028.041 607.01214     1.021    -1.072               7.720                                        
 12031.504      14.0     4.954   1.17700    -7.993                                   8.550    -5.210
 12033.103 607.01315     0.787    -2.221               7.720                                        
 12034.665 607.01215     1.020    -1.865               7.720                                        
 12036.409 607.01315     1.035    -1.865               7.720                                        
 12039.861      12.0     5.753  -1.63300    -7.200                                   7.720          
 12040.983 607.01215     0.795    -2.225               7.720                                        
 12044.007 607.01314     1.038    -1.867               7.720                                        
 12044.129      26.0     4.988  -2.31600    -7.540                                   8.700    -5.290
 12047.598 607.01315     1.035    -1.861               7.720                                        
 12053.083      26.0     4.558  -1.84300    -7.040                                   8.440    -5.380
 12053.778 607.01215     0.795    -2.221               7.720                                        
 12054.112 607.01315     0.813    -2.218               7.720                                        
 12054.217 607.01215     0.944    -3.192               7.720                                        
 12054.354 607.01214     0.961    -3.059               7.720                                        
 12054.369 607.01315     0.850    -3.018               7.720                                        
 12054.859 607.01314     1.039    -1.862               7.720                                        
 12058.115 607.01214     0.793    -1.524               7.720                                        
 12058.681 607.01215     1.050    -1.865               7.720                                        
 12060.726 607.01315     1.348    -2.113               7.720                                        
 12061.552 607.01314     0.813    -2.221               7.720                                        
 12063.422 607.01214     1.052    -1.167               7.720                                        
 12067.250 607.01315     0.813    -2.215               7.720                                        
 12068.723 607.01314     1.357    -2.114               7.720                                        
 12069.185      32.0     4.675  -0.60000                                                            
 12069.393 607.01215     1.050    -1.861               7.720                                        
 12070.710 607.01315     1.064    -1.261               7.720                                        
 12071.532 607.01214     0.987    -2.559               7.720                                        
 12071.707      22.0     3.334  -1.05700    -7.801                                   7.873    -6.130
 12074.109 607.01214     1.052    -1.062               7.720                                        
 12074.393 607.01314     0.813    -2.216               7.720                                        
 12076.384 607.01215     0.822    -2.219               7.720                                        
 12079.012 607.01314     1.069    -1.862               7.720                                        
 12080.391      14.0     6.261  -1.83600    -7.330                                   8.070    -4.010
 12081.280 607.01214     0.820    -2.222               7.720                                        
 12081.836 607.01315     1.065    -2.056               7.720                                        
 12081.972      14.0     6.261  -0.41800    -7.030                                   8.080    -4.510
 12083.278      12.0     5.753  -1.25000                                                            
 12083.346      12.0     5.753  -1.29000                                                            
 12083.662      12.0     5.753   0.51500    -7.181                                   7.470          
 12089.010 607.01315     0.839    -1.813               7.720                                        
 12089.088 607.01215     0.822    -2.215               7.720                                        
 12089.098 607.01214     1.380    -2.114               7.720                                        
 12089.801 607.01314     1.069    -1.357               7.720                                        
 12094.052 607.01214     0.820    -1.817               7.720                                        
 12094.180 607.01215     1.080    -1.861               7.720                                        
 12097.161 607.01314     0.840    -1.814               7.720                                        
 12099.530 607.01214     1.083    -1.162               7.720                                        
 12100.181      14.0     6.727  -1.32600    -6.980                                   8.560    -3.860
 12102.065 607.01315     0.839    -2.209               7.720                                        
 12102.433      14.0     6.619  -0.89200    -6.920                                   8.310    -2.980
 12103.535      14.0     4.930  -0.35100    -7.199                                   8.550    -5.220
 12104.820      20.0     5.394  -1.55300    -7.489                                   7.445    -5.022
 12104.825 607.01215     1.081    -1.856               7.720                                        
 12105.682 607.01315     1.094    -1.856               7.720                                        
 12105.750 607.01315     0.871    -2.960               7.720                                        
 12105.841      20.0     4.554  -0.83500    -7.165                                   7.983    -4.437
 12110.659      14.0     6.616  -0.43500    -6.820                                   8.710    -3.240
 12110.768 607.01215     0.954    -2.372               7.720                                        
 12112.484 607.01215     0.849    -2.213               7.720                                        
 12114.718 607.01314     1.099    -1.857               7.720                                        
 12115.758      26.0     6.017  -1.93800    -7.540                                   8.330    -5.290
 12116.753      26.0     6.253  -1.83600    -7.160                                   7.620    -4.190
 12116.753 607.01315     1.094    -2.152               7.720                                        
 12118.028 607.01214     0.848    -1.415               7.720                                        
 12119.496      26.0     4.593  -1.93700    -7.830                                   7.340    -6.230
 12120.085      26.0     6.426  -1.89200    -7.120                                   7.920    -4.130
 12120.239 607.01215     1.407    -2.110               7.720                                        
 12124.537      20.0     5.392  -0.91200    -7.489                                   7.445    -5.059
 12124.583 607.01315     0.866    -2.207               7.720                                        
 12125.105 607.01215     0.849    -2.209               7.720                                        
 12125.449 607.01314     1.099    -1.353               7.720                                        
 12130.389 607.01215     1.111    -1.056               7.720                                        
 12130.722 607.01214     0.848    -1.611               7.720                                        
 12131.629 607.01314     0.888    -2.977               7.720                                        
 12133.471 607.01314     0.867    -2.209               7.720                                        
 12133.995      14.0     5.984  -1.90800    -7.380                                   7.620    -4.420
 12136.373 607.01214     1.114    -1.058               7.720                                        
 12137.561 607.01315     0.866    -2.203               7.720                                        
 12140.975 607.01215     1.111    -2.852               7.720                                        
 12141.220 607.01314     1.426    -2.107               7.720                                        
 12141.338 607.01315     1.125    -2.852               7.720                                        
 12142.484      26.0     5.683  -2.70300    -7.510                                   8.190    -4.690
 12146.147 607.01314     0.867    -2.205               7.720                                        
 12146.943 607.01214     1.114    -1.553               7.720                                        
 12149.300 607.01215     0.876    -2.207               7.720                                        
 12151.137 607.01314     1.130    -1.853               7.720                                        
 12152.362 607.01315     1.125    -1.847               7.720                                        
 12155.513 607.01214     0.875    -1.510               7.720                                        
 12157.395 607.01215     1.442    -2.506               7.720                                        
 12157.437 607.01315     1.449    -2.508               7.720                                        
 12159.390 607.01314     0.912    -2.943               7.720                                        
 12160.838 607.01315     0.893    -2.201               7.720                                        
 12161.811 607.01314     1.130    -2.849               7.720                                        
 12161.839 607.01215     0.876    -2.203               7.720                                        
 12164.028 607.01214     1.450    -2.107               7.720                                        
 12167.243      22.0     3.351  -1.96000    -7.800                                   7.889    -6.140
 12167.324 607.01215     1.142    -1.852               7.720                                        
 12168.070 607.01314     0.835    -1.532               7.720                                        
 12168.132 607.01315     1.449    -2.104               7.720                                        
 12168.135 607.01214     0.875    -3.206               7.720                                        
 12168.227 607.01314     1.461    -2.108               7.720                                        
 12170.492 607.01314     0.894    -2.203               7.720                                        
 12173.752 607.01315     0.893    -2.197               7.720                                        
 12173.966 607.01214     1.146    -1.353               7.720                                        
 12175.733      14.0     6.619  -1.05100    -6.830                                   8.320    -4.060
 12177.687 607.01315     1.155    -1.847               7.720                                        
 12177.854 607.01215     1.143    -1.847               7.720                                        
 12178.339      14.0     6.269  -1.10300    -6.830                                   8.070    -4.010
 12183.093 607.01314     0.894    -2.199               7.720                                        
 12186.839 607.01215     0.904    -2.202               7.720                                        
 12188.276 607.01314     1.161    -2.849               7.720                                        
 12188.377      26.0     6.381  -3.03500    -7.130                                   8.050    -3.790
 12188.665 607.01315     1.155    -1.843               7.720                                        
 12189.241      14.0     6.616  -1.20100    -7.130                                   8.710    -3.160
 12190.099      26.0     3.635  -2.93000    -7.750                                   8.070    -6.290
 12191.433      14.0     6.616  -1.49200    -7.130                                   8.710    -3.630
 12193.747 607.01214     0.904    -1.604               7.720                                        
 12193.828 607.01215     0.957    -1.617               7.720                                        
 12197.792 607.01315     0.921    -2.196               7.720                                        
 12198.900 607.01314     1.161    -1.844               7.720                                        
 12199.303 607.01215     0.904    -2.198               7.720                                        
 21701.741      14.0     7.339  -1.56500    -6.880                                   7.340    -1.990
 21735.462      26.0     6.175  -0.87600    -7.040                                   7.530    -4.800
 21754.433      14.0     7.302  -1.07200    -6.860                                   8.430    -2.650
 21756.952      26.0     6.218  -0.94600    -6.840                                   7.490    -4.780
 21761.020      12.0     6.981  -1.92000                                                            
 21761.020      12.0     6.981  -1.96000                                                            
 21775.111      26.0     5.874  -2.47700    -7.550                                   8.270    -5.270
 21780.937      26.0     5.796  -1.85700    -7.530                                   8.510    -4.880
 21782.925      22.0     1.749  -1.36100    -7.051                                   6.228    -6.262
 21787.787      26.0     6.400  -1.01200    -7.340                                   8.110    -4.340
 21813.977      26.0     5.849  -1.59100    -6.890                                   8.430    -4.430
 21817.838      26.0     6.780  -0.96200    -7.330                                   7.820    -4.200
 21819.671      14.0     6.721   0.07100    -7.330                                   8.590    -4.640
 21820.662      26.0     6.780  -0.94600    -7.320                                   7.810    -4.950
 21832.980      26.0     6.780  -0.55800    -7.020                                   7.830    -4.280
 21837.954      14.0     7.069  -1.28100    -6.850                                   7.710    -3.350
 21841.156      26.0     5.849  -2.02700    -7.490                                   8.340    -4.430
 21851.381      26.0     3.642  -3.89300    -7.790                                   6.810    -6.130
 21857.904      26.0     6.866  -0.43400    -7.050                                   7.960    -4.370
 21858.065      26.0     6.866  -0.43400    -7.050                                   7.960    -4.370
 21867.848      26.0     6.866  -1.73400    -7.330                                   7.910    -4.240
 21874.140      14.0     6.721  -0.79800    -7.030                                   8.590    -4.010
 21879.324      14.0     6.721   0.45500    -7.330                                   8.590    -4.510
 21880.871      26.0     6.866  -0.76300    -7.330                                   7.930    -4.240
 21880.991      26.0     5.844  -1.69700    -6.500                                   8.360    -4.820
 21882.988      26.0     6.866  -0.21900    -7.000                                   7.880    -4.090
 21894.988      26.0     6.144  -0.25500    -6.840                                   7.500    -4.800
 21897.377      22.0     1.739  -1.64900    -7.351                                   6.228    -6.261
 21916.521      26.0     5.720  -1.74900    -7.050                                   8.670    -5.860
 21924.831      14.0     7.064  -1.26300    -6.850                                   7.450    -3.970
 21936.743      14.0     7.069  -1.93200    -7.060                                   8.370    -3.200
 21946.134      26.0     6.835  -1.77100    -7.330                                   7.800    -4.440
 21947.998      28.0     5.488  -2.31300    -7.719                                   8.543    -5.463
 21951.294      26.0     6.835  -1.90000    -7.320                                   7.930    -4.340
 21955.553      24.0     5.659  -0.37600    -7.260                                   7.450    -2.990
 21958.459      14.0     7.108  -1.69300    -7.040                                   7.530    -4.010
 21963.056      14.0     7.166  -1.55100    -7.020                                   7.390    -3.660
 21976.705      26.0     6.740  -1.53100    -7.270                                   8.110    -4.140
 21980.842      26.0     6.835  -0.71900    -7.020                                   7.840    -3.830
 21986.406      26.0     6.835  -0.34200    -6.820                                   7.860    -4.240
 21988.799      26.0     6.835  -0.35200    -6.810                                   7.800    -3.820
 22004.495      22.0     1.734  -2.07700    -7.551                                   6.228    -6.261
 22009.776      26.0     6.731  -2.11200    -7.300                                   8.230    -4.100
 22013.567      24.0     5.659  -0.26500    -7.260                                   7.450    -3.280
 22052.140      21.0     1.448  -0.95900    -7.034                                   5.512    -6.166
 22056.426      11.0     3.191   0.59000    -7.200                                                  
 22062.710      14.0     6.727   0.34100    -7.030                                   8.590    -4.350
 22065.233      21.0     1.440  -1.16200    -7.836                                   5.853    -6.164
 22066.889      27.0     3.409  -2.86300    -7.920                                   7.274    -6.346
 22067.040      26.0     6.764  -2.00200    -7.500                                   8.860    -4.880
 22072.550      14.0     6.727  -1.14000    -7.030                                   8.590    -4.640
 22079.853      26.0     5.849  -1.59700    -7.000                                   8.340    -4.820
 22083.662      11.0     3.191   0.12000    -7.200                                                  
 22091.514      23.0     2.505  -1.44500    -7.911                                   7.521    -5.959
 22112.368      20.0     5.168  -0.68700    -7.072                                   7.990    -3.391
 22151.423      14.0     7.108  -1.54400    -7.030                                   7.900    -4.160
 22178.155      26.0     5.793  -1.89100    -7.520                                   8.520    -5.210
 22211.228      22.0     1.734  -1.97000    -7.051                                   6.225    -6.261
 22232.838      22.0     1.739  -1.85800    -7.051                                   6.228    -6.261
 22257.107      26.0     5.064  -0.80400    -7.040                                   8.840    -5.420
 22260.180      26.0     5.086  -0.93500    -7.040                                   8.840    -5.380
 22266.729      21.0     1.428  -1.42700    -7.834                                   5.502    -6.147
 22274.012      22.0     1.749  -1.95600    -7.051                                   6.228    -6.262
 22277.963      20.0     5.018  -1.06200    -7.177                                   7.408    -3.713
 22298.346      20.0     5.018  -1.16000    -7.177                                   7.407    -3.717
 22308.223      20.0     5.018  -1.13800    -7.177                                   7.407    -3.724
 22310.617      22.0     1.734  -2.32400    -7.851                                   6.223    -6.261
 22344.446      26.0     5.720  -1.83300    -7.540                                   8.720    -5.110
 22375.177      26.0     5.844  -1.56300    -7.500                                   8.380    -4.320
 22380.797      26.0     5.033  -0.66400    -7.040                                   8.840    -5.380
 22385.102      26.0     5.320  -1.65800    -7.050                                   8.080    -5.270
 22385.142      24.1    13.031   0.02800    -7.865                                   8.320    -4.992
 22392.879      26.0     5.100  -1.44200    -7.040                                   8.840    -5.390
 22394.669      21.0     1.433  -1.41700    -7.034                                   5.590    -6.148
 22394.841      24.0     5.462  -0.25800    -7.350                                   8.040    -4.030
 22419.982      26.0     6.218  -0.45500    -7.040                                   7.490    -4.790
 22423.099      14.0     7.319  -1.78700    -6.860                                   8.490    -2.590
 22425.378      26.0     5.539  -2.87600    -7.540                                   8.110    -5.410
 22426.490      26.0     6.653  -2.74200    -7.300                                   8.310    -4.530
 22443.905      22.0     1.739  -2.55100    -7.051                                   6.225    -6.261
 22473.268      26.0     6.119   0.34200    -7.040                                   7.490    -4.780
 22493.671      26.0     5.829  -1.36500    -7.010                                   8.420    -5.060
 22507.344      16.0     7.866  -0.47000    -7.000                                                  
 22519.066      16.0     7.866  -0.36000    -7.000                                                  
 22526.053      16.0     7.866  -0.72000    -7.000                                                  
 22537.534      14.0     6.616  -0.22500    -6.860                                   8.710    -4.450
 22552.573      16.0     7.868  -0.15000    -7.000                                                  
 22563.614      16.0     7.868  -0.35000    -7.000                                                  
 22575.491      26.0     6.669  -3.79600    -7.000                                   8.300    -4.860
 22607.945      20.0     4.380   0.20600    -7.088                                   8.201    -5.268
 22609.208      16.0     9.208  -0.99000    -7.000                                                  
 22609.243      26.0     6.017  -1.90700    -7.500                                   8.020    -4.710
 22619.838      26.0     4.991  -0.45500    -7.040                                   8.850    -5.410
 22621.204      22.0     1.749  -2.70700    -7.851                                   6.228    -6.262
 22624.962      20.0     4.381   0.44500    -7.088                                   8.198    -5.267
 22626.724      20.0     4.381  -0.79900    -7.288                                   8.198    -5.266
 22644.056      16.0     7.870  -0.35000    -7.000                                                  
 22651.278      20.0     4.381   0.66500    -7.288                                   8.195    -5.266
 22653.580      20.0     4.381  -0.69900    -7.088                                   8.195    -5.265
 22665.757      14.0     6.619  -0.48100    -6.860                                   8.320    -4.450
 22707.736      16.0     7.870   0.24000    -7.100                                                  
 22740.422      26.0     6.200  -0.16900    -7.040                                   7.520    -4.800
 22751.000      14.0     7.134  -1.23200    -7.030                                   7.890    -4.190
 22760.691      26.0     6.440  -1.10400    -7.340                                   8.090    -4.290
 22770.365      26.0     6.804  -0.41200    -7.320                                   7.780    -4.100
 22807.750      12.0     6.719   0.01000    -6.500                                                  
 22807.750      12.0     6.719  -1.43000    -6.500                                                  
 22807.750      12.0     6.719  -2.60000    -6.500                                                  
 22808.194      12.0     6.719  -0.31000    -6.500                                                  
 22808.346      12.0     6.719  -0.32000    -6.500                                                  
 22812.587      26.0     5.793  -1.40300    -7.510                                   8.520    -4.380
 22820.325 607.01214     1.357    -1.228               7.720                                        
 22821.065      20.0     4.624  -0.33600    -6.549                                   8.077    -4.281
 22832.364      26.0     5.100  -1.46300    -7.040                                   8.840    -5.380
 22845.941      26.0     5.828  -0.79400    -6.860                                   8.020    -4.710
 22890.005      22.0     2.236  -2.05600    -7.843                                   6.086    -6.227
 22906.563       6.0     9.172  -0.30000                                                            
 22934.572      14.0     6.079  -1.60000    -7.480                                   8.350    -5.330
 23164.225      26.0     5.086  -3.12700    -7.540                                   8.840    -5.420
